10,125
11,12
8,15
3,2
3,1
3,3
10,287
10,209
10,141
10,183
10,157
10,179
10,211
10,1
10,35
10,2
10,3
11,27
11,5
11,21
11,11
11,29
11,1
11,7
11,2
11,3
9,5
9,1
9,7
9,2
9,3
8,5
8,6
8,9
8,10
8,16
8,1
8,13
8,2
8,3
12,2
12,1
12,3
20,2
73,4
20,1
73,3
73,2
20,3
73,1
73,0
72,4
72,3
72,2
72,1
72,0
19,2
71,5
19,1
71,4
19,3
71,3
71,2
71,1
71,0
70,4
70,3
70,2
70,1
70,0
68,5
68,4
68,3
68,2
68,1
68,0
65,5
65,4
65,3
65,2
65,1
65,0
63,5
63,4
63,3
63,2
18,1
63,1
18,3
63,0
61,5
61,4
61,3
14,1
61,2
14,3
13,1
61,1
13,3
61,0
59,4
59,3
59,2
59,1
59,0
54,5
54,4
54,3
54,2
54,1
54,0
2,2
51,3
